23
3292366 8778061 2760685
992748 -3545453 454653
5808128 2121889 805809
8307527 6796127 5959076
-4665752 -2270502 -4166417
-8782717 -4406060 6583461
9852544 5387934 -9004560
5191024 -6720536 -7031390
9599395 -2784044 -7271088
9046585 -4063114 4874089
-4263597 9229252 3652151
8497088 222000 -9893302
-1048259 -3969871 2228587
9757550 -5662344 -975285
5716626 -328097 6754212
-8449790 889186 -7651847
8133670 741731 7736086
9129110 -4067245 -8984450
-7902279 -4467849 -1768494
-5173368 -5421263 4168392
9700721 315139 3397644
3352872 -1187773 -6380355
3459570 7763967 -350226